9000	0	35	56	6	7	0	1	PCX
20000	1	35	52	17	49	1	1	PCX
0	1	27	56	12	55	2	1	PCX
0	8	50	46	23	45	3	1	PCX
0	9	35	53	24	53	4	1	PCX
0	10	36	52	19	51	5	1	PCX
0	11	37	51	19	50	6	1	PCX
0	12	47	43	17	41	7	1	PCX
0	13	34	47	20	45	8	1	PCX
0	14	32	40	15	39	9	1	PCX
0	15	58	28	33	16	10	1	PCX
0	24	36	53	22	50	11	1	PCX
0	24	36	53	22	50	11	1	PCX
0	24	36	53	22	50	11	1	PCX
0	27	34	57	17	55	12	1	PCX
0	28	32	56	16	54	13	1	PCX
0	29	28	54	15	52	14	1	PCX
0	30	31	56	15	54	15	1	PCX
0	31	32	54	15	56	16	1	PCX
0	32	28	57	12	60	17	1	PCX
0	33	34	46	16	44	18	1	PCX
0	34	29	55	13	53	19	1	PCX
0	35	30	57	15	58	20	1	PCX
0	36	53	58	25	56	21	1	PCX
0	37	87	93	51	90	22	1	PCX
0	38	94	94	49	91	23	1	PCX
0	39	27	56	12	54	24	1	PCX
0	40	35	56	19	54	25	1	PCX
0	41	33	51	13	49	26	1	PCX
0	42	43	50	13	48	27	1	PCX
0	43	38	53	16	51	28	1	PCX
0	44	34	50	16	48	29	1	PCX
0	45	46	48	12	46	30	1	PCX
0	46	37	50	14	48	31	1	PCX
0	47	56	33	16	40	32	1	PCX
0	48	40	51	20	52	33	1	PCX
0	49	46	58	24	59	34	1	PCX
0	50	43	44	23	45	35	1	PCX
0	51	38	53	17	51	36	1	PCX
0	52	43	50	17	50	37	1	PCX
0	53	33	52	17	51	38	1	PCX
0	54	34	52	18	50	39	1	PCX
0	55	52	49	22	50	40	1	PCX
0	56	30	54	14	53	41	1	PCX
0	57	36	58	5	57	42	1	PCX
0	51	38	53	17	51	36	1	PCX
0	59	33	51	11	49	42	1	PCX
0	60	44	53	13	52	43	1	PCX
0	61	59	40	36	33	44	1	PCX
0	62	57	38	36	32	45	1	PCX
0	63	79	61	33	55	46	1	PCX
0	64	33	46	17	44	47	1	PCX
0	65	35	75	18	65	48	1	PCX
0	66	34	54	15	52	49	1	PCX
0	67	47	51	25	49	50	1	PCX
0	68	45	51	25	49	51	1	PCX
0	69	27	56	10	54	52	1	PCX
0	69	27	56	10	54	52	1	PCX
0	70	40	56	16	54	53	1	PCX
0	70	40	56	16	54	53	1	PCX
0	73	42	52	18	49	54	1	PCX
0	74	39	51	21	48	55	1	PCX
0	75	32	53	18	59	56	1	PCX
0	76	43	54	26	53	57	1	PCX
0	77	64	53	22	52	58	1	PCX
0	78	31	62	17	61	59	1	PCX
0	79	64	53	17	52	60	1	PCX
0	80	50	56	25	54	61	1	PCX
0	81	47	54	16	52	62	1	PCX
0	82	69	60	20	58	63	1	PCX
0	83	69	60	20	58	63	1	PCX
0	84	35	64	13	62	64	1	PCX
0	85	40	53	17	51	65	1	PCX
0	73	42	52	18	49	54	1	PCX
0	87	43	51	20	51	66	1	PCX
0	74	39	51	21	48	55	1	PCX
0	89	34	49	17	47	67	1	PCX
0	90	29	56	19	53	68	1	PCX
0	91	53	57	25	54	69	1	PCX
0	92	87	93	50	90	70	1	PCX
0	93	94	94	48	91	71	1	PCX
0	94	46	50	27	46	72	1	PCX
0	95	43	56	18	54	73	1	PCX
0	96	37	60	19	57	74	1	PCX
0	97	66	44	9	41	75	1	PCX
0	98	52	50	32	45	76	1	PCX
0	99	70	74	54	66	77	1	PCX
0	100	33	53	15	51	78	1	PCX
0	101	34	53	14	51	79	1	PCX
0	102	49	55	28	53	80	1	PCX
0	103	39	52	19	51	81	1	PCX
0	104	54	54	18	53	82	1	PCX
0	105	45	47	13	45	83	1	PCX
0	106	31	56	9	55	84	1	PCX
0	107	154	61	61	60	85	1	PCX
0	108	66	55	31	52	86	1	PCX
0	109	39	52	19	51	87	1	PCX
9000	1	120	140	0	0	88	1	PCX
1	0	164	192	82	96	89	1	PCX
1	1	164	192	82	96	90	1	PCX
1	2	164	192	82	96	91	1	PCX
1	3	164	192	82	96	92	1	PCX
1	4	164	192	82	96	93	1	PCX
1	5	164	192	82	96	94	1	PCX
1	6	164	192	82	96	95	1	PCX
1	7	164	192	82	96	96	1	PCX
1	8	164	192	82	96	97	1	PCX
1	9	164	192	82	96	98	1	PCX
1	10	549	99	274	49	99	1	PCX
1	11	521	116	249	81	100	1	PCX
1	12	526	125	251	93	101	1	PCX
1	13	490	133	223	105	102	1	PCX
1	14	474	143	231	114	103	1	PCX
1	15	94	95	47	47	104	1	PCX
1	16	485	480	242	240	105	1	PCX
1	17	485	480	242	240	106	1	PCX
1	18	485	480	242	240	107	1	PCX
1	19	485	480	242	240	108	1	PCX
1	20	485	480	242	240	109	1	PCX
1	21	485	480	242	240	110	1	PCX
1	22	485	480	242	240	111	1	PCX
1	23	485	480	242	240	112	1	PCX
1	24	485	480	242	240	113	1	PCX
1	25	485	480	242	240	114	1	PCX
1	26	485	480	242	240	115	1	PCX
1	27	485	480	242	240	116	1	PCX
1	28	485	480	242	240	117	1	PCX
1	29	485	480	242	240	118	1	PCX
1	30	485	480	242	240	119	1	PCX
1	31	485	480	242	240	120	1	PCX
1	32	485	480	242	240	121	1	PCX
1	33	485	480	242	240	122	1	PCX
1	34	485	480	242	240	123	1	PCX
1	35	485	480	242	240	124	1	PCX
1	36	485	480	242	240	125	1	PCX
1	37	485	480	242	240	126	1	PCX
1	38	485	480	242	240	127	1	PCX
1	39	485	480	242	240	128	1	PCX
1	40	256	256	128	128	129	1	PCX
1	41	256	256	128	128	130	1	PCX
1	42	256	256	128	128	131	1	PCX
1	43	256	256	128	128	132	1	PCX
1	44	256	256	128	128	133	1	PCX
1	45	256	256	128	128	134	1	PCX
1	46	256	256	128	128	135	1	PCX
1	47	256	256	128	128	136	1	PCX
1	48	256	256	128	128	137	1	PCX
1	49	256	256	128	128	138	1	PCX
1	50	256	256	128	128	139	1	PCX
1	51	256	256	128	128	140	1	PCX
1	52	256	256	128	128	141	1	PCX
1	53	256	256	128	128	142	1	PCX
1	54	256	256	128	128	143	1	PCX
1	55	256	256	128	128	144	1	PCX
1	56	256	256	128	128	145	1	PCX
1	57	256	256	128	128	146	1	PCX
1	58	256	256	128	128	147	1	PCX
1	59	256	256	128	128	148	1	PCX
1	60	256	256	128	128	149	1	PCX
1	61	256	256	128	128	150	1	PCX
1	62	256	256	128	128	151	1	PCX
1	63	256	256	128	128	152	1	PCX
1	64	256	256	128	128	153	1	PCX
1	65	256	256	128	128	154	1	PCX
1	66	300	100	150	50	155	1	PCX
1	67	300	100	150	50	156	1	PCX
1	68	300	100	150	50	157	1	PCX
1	69	300	100	150	50	158	1	PCX
1	70	300	100	150	50	159	1	PCX
1	71	300	100	150	50	160	1	PCX
1	72	300	100	150	50	161	1	PCX
1	73	300	100	150	50	162	1	PCX
1	74	914	126	25	61	163	1	PCX
1	75	914	126	25	61	164	1	PCX
1	76	914	126	25	61	165	1	PCX
1	77	914	126	25	61	166	1	PCX
1	78	914	126	25	61	167	1	PCX
1	79	914	126	25	61	168	1	PCX
1	80	914	126	25	61	169	1	PCX
1	81	914	126	25	61	170	1	PCX
1	82	914	126	25	61	171	1	PCX
1	83	914	126	25	61	172	1	PCX
1	84	914	126	25	61	173	1	PCX
1	85	318	193	69	98	174	1	PCX
1	86	300	172	57	84	175	1	PCX
1	87	298	161	55	80	176	1	PCX
1	88	399	379	22	191	177	1	PCX
1	89	399	381	23	190	178	1	PCX
1	90	399	368	24	182	179	1	PCX
2	10	250	199	127	174	180	1	PCX
2	11	310	217	155	188	180	1	PCX
2	12	356	258	179	229	180	1	PCX
2	13	422	291	210	267	180	1	PCX
2	14	419	284	207	276	180	1	PCX
2	15	426	302	211	294	180	1	PCX
2	16	433	304	214	295	180	1	PCX
2	17	439	281	215	295	180	1	PCX
2	18	439	280	214	294	180	1	PCX
2	19	439	281	214	294	180	1	PCX
2	20	412	224	199	262	180	1	PCX
2	21	413	216	202	257	180	1	PCX
2	22	413	213	202	253	180	1	PCX
2	23	282	236	142	205	181	1	PCX
2	24	282	236	142	205	181	1	PCX
2	25	282	236	142	205	181	1	PCX
2	26	282	236	142	205	181	1	PCX
2	27	282	236	142	205	181	1	PCX
2	28	282	236	142	205	181	1	PCX
2	29	282	236	142	205	181	1	PCX
2	30	282	236	142	205	181	1	PCX
2	31	282	236	142	205	181	1	PCX
2	32	282	236	142	205	181	1	PCX
2	33	282	236	142	205	181	1	PCX
2	34	282	236	142	205	181	1	PCX
2	35	282	236	142	205	181	1	PCX
2	36	282	236	142	205	181	1	PCX
2	37	282	236	142	205	181	1	PCX
2	38	282	236	142	205	181	1	PCX
2	39	282	236	142	205	181	1	PCX
2	40	282	236	142	205	181	1	PCX
2	41	282	236	142	205	181	1	PCX
2	42	282	236	142	205	181	1	PCX
2	43	239	229	119	114	182	1	PCX
2	44	219	212	109	106	183	1	PCX
2	45	219	213	109	106	184	1	PCX
2	46	241	239	120	119	185	1	PCX
2	47	224	217	112	108	186	1	PCX
2	48	233	231	116	115	187	1	PCX
2	49	238	238	119	119	188	1	PCX
2	50	260	257	130	128	189	1	PCX
2	51	94	95	47	47	190	1	PCX
2	52	136	83	18	41	191	1	PCX
2	53	202	83	18	41	191	1	PCX
2	54	310	83	18	41	191	1	PCX
2	55	385	83	18	41	191	1	PCX
2	56	606	83	18	41	191	1	PCX
2	57	689	83	18	41	191	1	PCX
2	58	693	69	18	34	191	1	PCX
2	59	688	55	18	26	191	1	PCX
2	60	686	49	18	24	191	1	PCX
2	61	668	10	1	4	191	1	PCX
2	62	888	500	444	250	192	1	PCX
2	63	888	500	444	250	192	1	PCX
2	64	888	500	444	250	192	1	PCX
2	65	888	500	444	250	192	1	PCX
2	66	888	500	444	250	192	1	PCX
2	67	888	500	444	250	192	1	PCX
2	68	888	500	444	250	192	1	PCX
2	69	888	500	444	250	192	1	PCX
2	70	888	500	444	250	192	1	PCX
2	71	888	500	444	250	192	1	PCX
2	72	888	500	444	250	192	1	PCX
2	73	888	500	444	250	192	1	PCX
2	74	888	500	444	250	192	1	PCX
2	75	888	500	444	250	192	1	PCX
2	76	888	500	444	250	192	1	PCX
2	77	888	500	444	250	192	1	PCX
2	78	888	500	444	250	192	1	PCX
2	79	888	500	444	250	192	1	PCX
2	80	888	500	444	250	192	1	PCX
2	81	888	500	444	250	192	1	PCX
2	82	247	122	237	62	193	1	PCX
2	83	252	125	242	63	194	1	PCX
2	84	249	131	239	66	195	1	PCX
2	85	248	139	238	70	196	1	PCX
2	86	251	142	241	73	197	1	PCX
2	87	241	144	231	73	198	1	PCX
2	88	256	142	245	74	199	1	PCX
2	89	262	135	251	71	200	1	PCX
2	90	249	124	239	64	201	1	PCX
2	91	500	500	250	250	202	1	PCX
2	92	500	500	250	250	203	1	PCX
2	93	500	500	250	250	204	1	PCX
2	94	500	500	250	250	205	1	PCX
2	95	500	500	250	250	206	1	PCX
2	96	500	500	250	250	207	1	PCX
2	97	500	500	250	250	208	1	PCX
2	98	500	500	250	250	209	1	PCX
2	99	500	500	250	250	210	1	PCX
3	0	126	126	60	64	211	1	PCX
3	1	118	119	57	60	212	1	PCX
3	2	112	114	53	57	213	1	PCX
3	3	103	105	49	52	214	1	PCX
3	4	129	129	64	64	215	1	PCX
3	5	130	129	65	64	216	1	PCX
3	6	126	126	63	62	217	1	PCX
3	7	120	120	60	59	218	1	PCX
3	8	114	115	57	57	219	1	PCX
3	9	104	104	52	51	220	1	PCX
3	10	92	92	46	46	221	1	PCX
3	11	95	80	51	40	222	1	PCX
3	12	122	87	65	44	223	1	PCX
3	13	144	94	75	47	224	1	PCX
3	14	135	113	67	57	225	1	PCX
3	15	84	139	11	74	226	1	PCX
3	16	150	127	5	65	226	1	PCX
3	17	145	119	5	59	226	1	PCX
3	18	125	78	3	35	226	1	PCX
3	19	87	15	3	7	226	1	PCX
3	20	94	95	47	47	227	1	PCX
3	21	343	108	327	53	228	1	PCX
3	22	270	148	254	70	229	1	PCX
3	23	219	197	204	101	230	1	PCX
3	24	247	146	232	72	231	1	PCX
3	25	263	140	249	69	232	1	PCX
3	26	271	127	257	64	233	1	PCX
3	27	118	118	59	59	234	1	PCX
3	28	290	347	153	165	234	1	PCX
3	29	372	450	204	209	234	1	PCX
3	30	448	442	252	240	234	1	PCX
3	31	519	454	300	215	234	1	PCX
3	32	568	480	324	238	234	1	PCX
3	33	529	447	261	240	234	1	PCX
3	34	592	450	283	234	234	1	PCX
3	35	586	469	296	240	234	1	PCX
3	36	627	469	311	229	234	1	PCX
3	37	605	457	322	239	234	1	PCX
3	38	75	75	37	37	235	1	PCX
3	39	75	75	37	37	235	1	PCX
3	40	75	75	37	37	235	1	PCX
3	41	75	75	37	37	235	1	PCX
3	42	75	75	37	37	235	1	PCX
3	43	75	75	37	37	235	1	PCX
3	44	75	75	37	37	235	1	PCX
3	45	75	75	37	37	235	1	PCX
3	46	75	75	37	37	235	1	PCX
3	47	75	75	37	37	235	1	PCX
3	48	75	75	37	37	235	1	PCX
3	49	75	75	37	37	235	1	PCX
3	50	75	75	37	37	235	1	PCX
3	51	75	75	37	37	235	1	PCX
3	52	75	75	37	37	235	1	PCX
3	53	75	75	37	37	235	1	PCX
3	54	75	75	37	37	235	1	PCX
3	55	75	75	37	37	235	1	PCX
3	56	75	75	37	37	235	1	PCX
3	57	75	75	37	37	235	1	PCX
3	58	75	75	37	37	235	1	PCX
3	59	75	75	37	37	235	1	PCX
3	60	75	75	37	37	235	1	PCX
3	61	75	75	37	37	235	1	PCX
3	62	75	75	37	37	235	1	PCX
3	63	75	75	37	37	235	1	PCX
3	64	75	75	37	37	235	1	PCX
3	65	75	75	37	37	235	1	PCX
3	66	75	75	37	37	235	1	PCX
3	67	75	75	37	37	235	1	PCX
3	68	75	75	37	37	235	1	PCX
3	69	75	75	37	37	235	1	PCX
3	70	75	75	37	37	235	1	PCX
3	71	75	75	37	37	235	1	PCX
3	72	137	137	68	68	236	1	PCX
3	73	175	175	87	87	236	1	PCX
3	74	211	212	105	106	236	1	PCX
3	75	247	248	123	124	236	1	PCX
3	76	283	282	141	141	236	1	PCX
3	77	351	352	175	176	236	1	PCX
3	78	418	418	209	209	236	1	PCX
3	79	450	450	225	225	236	1	PCX
3	80	482	482	241	241	236	1	PCX
3	81	514	514	257	257	236	1	PCX
3	82	546	546	273	273	236	1	PCX
3	83	578	578	289	289	236	1	PCX
3	84	610	610	305	305	236	1	PCX
3	85	640	640	320	320	236	1	PCX
3	86	278	189	0	189	237	1	PCX
3	87	412	1074	204	929	238	1	PCX
3	88	412	1074	204	929	238	1	PCX
3	89	412	1074	204	929	238	1	PCX
3	90	412	1074	204	929	238	1	PCX
3	91	412	1074	204	929	238	1	PCX
3	92	412	1074	204	929	238	1	PCX
3	93	412	1074	204	934	238	1	PCX
3	94	412	1074	204	952	238	1	PCX
3	95	412	1074	204	946	238	1	PCX
3	96	412	1074	204	936	238	1	PCX
3	97	412	1074	204	934	238	1	PCX
3	98	412	1074	204	935	238	1	PCX
3	99	412	1074	204	932	238	1	PCX
3	100	412	1074	204	929	238	1	PCX
3	101	412	1074	204	930	238	1	PCX
3	102	412	1074	204	929	238	1	PCX
3	103	412	1074	204	929	238	1	PCX
3	104	412	1074	204	929	238	1	PCX
3	105	412	1074	204	929	238	1	PCX
3	106	412	1074	204	929	238	1	PCX
3	107	412	1074	204	929	238	1	PCX
3	108	412	1074	204	929	238	1	PCX
4	0	170	41	85	20	239	1	PCX
4	1	174	41	89	20	239	1	PCX
4	2	156	30	82	15	239	1	PCX
4	3	156	30	82	15	239	1	PCX
4	4	155	30	81	15	239	1	PCX
4	5	156	30	82	15	239	1	PCX
4	6	155	30	81	15	239	1	PCX
4	7	152	29	82	15	239	1	PCX
4	8	151	30	81	15	239	1	PCX
4	9	151	29	81	14	239	1	PCX
4	10	186	153	93	76	240	1	PCX
4	11	186	153	93	76	240	1	PCX
4	12	186	153	93	76	240	1	PCX
4	13	186	153	93	76	240	1	PCX
4	14	186	153	93	76	240	1	PCX
4	15	186	153	93	76	240	1	PCX
4	16	186	153	93	76	240	1	PCX
4	17	186	153	93	76	240	1	PCX
4	18	186	153	93	76	240	1	PCX
4	19	186	153	93	76	240	1	PCX
4	20	186	153	93	76	240	1	PCX
4	21	186	153	93	76	240	1	PCX
4	22	186	153	93	76	240	1	PCX
4	23	186	153	93	76	240	1	PCX
4	24	186	153	93	76	240	1	PCX
4	25	186	153	93	76	240	1	PCX
4	26	186	153	93	76	240	1	PCX
4	27	186	153	93	76	240	1	PCX
4	28	186	153	93	76	240	1	PCX
4	29	186	153	93	76	240	1	PCX
4	30	186	153	93	76	240	1	PCX
4	31	186	153	93	76	240	1	PCX
4	32	186	153	93	76	240	1	PCX
4	33	398	294	183	148	241	1	PCX
4	34	517	294	191	149	241	1	PCX
4	35	570	294	187	149	241	1	PCX
4	36	570	294	186	149	241	1	PCX
4	37	570	294	185	149	241	1	PCX
4	38	574	285	189	140	241	1	PCX
4	39	574	294	189	149	241	1	PCX
4	40	572	294	187	149	241	1	PCX
4	41	570	294	185	149	241	1	PCX
4	42	570	294	185	149	241	1	PCX
4	43	570	294	185	148	241	1	PCX
4	44	570	288	185	148	241	1	PCX
4	45	570	294	185	148	241	1	PCX
4	46	570	294	185	148	241	1	PCX
4	47	610	250	0	250	242	1	PCX
4	48	278	189	0	189	243	1	PCX
4	49	500	468	250	234	244	1	PCX
4	50	215	220	107	110	245	1	PCX
4	51	203	223	101	111	246	1	PCX
4	52	251	232	125	116	247	1	PCX
4	53	233	229	116	114	248	1	PCX
4	54	341	272	170	136	249	1	PCX
4	55	321	276	160	138	250	1	PCX
4	56	319	274	159	137	251	1	PCX
4	57	314	272	157	136	252	1	PCX
4	58	320	240	0	240	253	1	PCX
4	59	320	240	0	240	253	1	PCX
4	60	320	240	0	240	253	1	PCX
4	61	320	240	0	240	253	1	PCX
4	62	342	309	168	297	254	1	PCX
4	63	341	523	164	507	254	1	PCX
4	64	378	523	162	509	254	1	PCX
4	65	401	523	186	510	254	1	PCX
4	66	394	525	187	511	254	1	PCX
4	67	374	527	167	512	254	1	PCX
4	68	336	528	165	511	254	1	PCX
4	69	345	529	170	511	254	1	PCX
4	70	384	530	172	511	254	1	PCX
4	71	353	530	175	512	254	1	PCX
4	72	357	530	177	512	254	1	PCX
4	73	365	532	182	512	254	1	PCX
4	74	365	532	182	512	254	1	PCX
4	75	368	533	185	513	254	1	PCX
4	76	371	532	186	512	254	1	PCX
4	77	368	532	184	512	254	1	PCX
4	78	301	371	160	507	254	1	PCX
4	79	600	338	0	338	255	1	PCX
4	80	600	338	0	338	255	1	PCX
4	81	600	338	0	338	255	1	PCX
4	82	600	338	0	338	255	1	PCX
4	83	600	338	0	338	255	1	PCX
4	84	600	338	0	338	255	1	PCX
4	85	600	338	0	338	255	1	PCX
4	86	600	338	0	338	255	1	PCX
4	87	600	338	0	338	255	1	PCX
4	88	600	338	0	338	255	1	PCX
4	89	600	338	0	338	255	1	PCX
4	90	600	338	0	338	255	1	PCX
4	91	600	338	0	338	255	1	PCX
4	92	600	338	0	338	255	1	PCX
4	93	600	338	0	338	255	1	PCX
4	94	600	338	0	338	255	1	PCX
4	95	600	338	0	338	255	1	PCX
4	96	600	338	0	338	255	1	PCX
4	97	600	338	0	338	255	1	PCX
5	0	89	60	44	30	256	1	PCX
5	1	128	73	64	36	256	1	PCX
5	2	206	119	103	62	256	1	PCX
5	3	226	128	113	63	256	1	PCX
5	4	256	121	128	59	256	1	PCX
5	5	277	141	138	62	256	1	PCX
5	6	284	137	143	69	256	1	PCX
5	7	288	131	144	64	256	1	PCX
5	8	287	133	143	65	256	1	PCX
5	9	288	138	142	68	256	1	PCX
5	10	288	140	142	69	256	1	PCX
5	11	288	87	142	43	256	1	PCX
5	12	288	89	142	44	256	1	PCX
5	13	289	91	142	45	256	1	PCX
5	14	286	44	142	20	256	1	PCX
5	15	274	27	137	14	256	1	PCX
5	16	218	14	109	7	256	1	PCX
480	3	256	237	133	124	257	1	PCX
480	2	258	241	135	133	257	1	PCX
480	1	262	230	134	135	257	1	PCX
480	0	265	238	133	126	257	1	PCX
5	25	189	14	94	7	258	1	PCX
5	26	1280	720	640	360	259	1	PCX
5	27	1280	720	640	360	259	1	PCX
5	28	1280	720	640	360	259	1	PCX
5	29	1280	720	640	360	259	1	PCX
5	30	1280	720	640	360	259	1	PCX
5	31	1280	720	640	360	259	1	PCX
5	32	1280	720	640	360	259	1	PCX
5	33	1280	720	640	360	259	1	PCX
5	38	266	42	133	21	260	1	PCX
5	39	373	63	186	31	260	1	PCX
5	40	373	54	186	27	260	1	PCX
5	41	396	57	198	28	260	1	PCX
5	42	389	56	194	28	260	1	PCX
5	43	386	58	193	29	260	1	PCX
5	44	354	38	177	19	260	1	PCX
5	45	85	26	33	22	261	1	PCX
5	46	158	51	64	47	262	1	PCX
5	47	196	56	82	52	263	1	PCX
5	48	228	76	96	72	264	1	PCX
5	49	238	88	100	84	265	1	PCX
5	50	241	79	103	75	266	1	PCX
5	51	245	78	106	74	267	1	PCX
5	52	249	80	106	75	268	1	PCX
5	53	249	68	106	64	269	1	PCX
5	54	173	174	86	87	270	1	PCX
5	55	246	248	123	124	270	1	PCX
5	56	292	314	146	157	270	1	PCX
5	57	33	102	17	101	271	1	PCX
5	58	35	112	17	111	271	1	PCX
5	59	21	74	11	86	271	1	PCX
5	60	419	126	209	63	272	1	PCX
5	61	359	83	179	41	273	1	PCX
5	62	356	86	178	43	274	1	PCX
5	63	439	91	219	45	275	1	PCX
5	64	450	118	225	59	276	1	PCX
5	65	444	124	222	62	277	1	PCX
5	66	447	119	223	59	278	1	PCX
5	67	453	120	226	60	279	1	PCX
5	68	439	126	219	63	280	1	PCX
5	69	154	74	134	69	281	1	PCX
5	70	154	74	134	69	281	1	PCX
5	71	154	74	134	69	281	1	PCX
5	72	154	74	134	69	281	1	PCX
5	73	154	74	134	69	281	1	PCX
5	74	154	74	134	69	281	1	PCX
5	75	154	74	134	69	281	1	PCX
5	76	154	74	134	69	281	1	PCX
5	77	154	74	134	69	281	1	PCX
5	78	154	74	134	69	281	1	PCX
5	79	154	74	134	69	281	1	PCX
5	80	154	74	134	69	281	1	PCX
5	81	154	74	134	69	281	1	PCX
5	82	154	74	134	69	281	1	PCX
5	83	154	74	134	69	281	1	PCX
5	84	154	74	134	69	281	1	PCX
5	85	154	74	134	69	281	1	PCX
5	86	153	20	76	10	282	1	PCX
5	87	170	22	85	11	282	1	PCX
5	88	190	24	95	12	282	1	PCX
5	89	208	27	104	13	282	1	PCX
5	90	228	29	114	14	282	1	PCX
5	91	243	31	121	15	282	1	PCX
5	92	260	34	130	17	282	1	PCX
5	93	267	34	133	17	282	1	PCX
5	94	287	333	143	293	283	1	PCX
5	95	276	334	136	301	283	1	PCX
5	96	281	337	142	308	283	1	PCX
5	97	317	341	159	306	283	1	PCX
6	0	27	24	13	12	284	1	PCX
6	1	40	30	20	15	284	1	PCX
6	2	52	48	26	24	284	1	PCX
6	3	55	83	27	41	284	1	PCX
6	4	67	111	33	55	284	1	PCX
6	5	85	115	42	57	284	1	PCX
6	6	85	115	42	57	284	1	PCX
6	7	92	111	46	55	284	1	PCX
6	8	53	98	26	49	284	1	PCX
6	9	56	88	28	44	284	1	PCX
6	10	51	70	25	35	284	1	PCX
6	11	47	68	23	34	284	1	PCX
6	12	23	21	11	10	284	1	PCX
6	13	19	19	9	9	284	1	PCX
6	14	13	15	6	7	284	1	PCX
6	15	293	339	148	299	285	1	PCX
6	16	289	339	145	302	285	1	PCX
6	17	289	355	145	323	285	1	PCX
6	18	31	88	15	44	286	1	PCX
6	19	31	88	15	44	286	1	PCX
6	20	31	88	15	44	286	1	PCX
6	21	31	88	14	44	286	1	PCX
6	22	31	88	14	44	286	1	PCX
6	23	31	88	14	44	286	1	PCX
6	24	31	88	14	44	286	1	PCX
6	25	31	88	14	44	286	1	PCX
6	26	31	88	14	45	286	1	PCX
6	27	31	88	14	45	286	1	PCX
6	28	31	88	11	43	286	1	PCX
6	29	31	88	12	44	286	1	PCX
6	30	31	88	12	44	286	1	PCX
6	31	31	88	11	44	286	1	PCX
6	32	31	88	10	44	286	1	PCX
6	33	31	88	11	44	286	1	PCX
6	34	31	88	11	44	286	1	PCX
6	35	640	480	0	480	287	1	PCX
6	36	640	480	0	480	288	1	PCX
6	37	640	480	0	480	289	1	PCX
6	38	640	480	0	480	290	1	PCX
6	39	640	480	0	480	291	1	PCX
6	40	640	480	0	480	292	1	PCX
6	41	640	480	0	480	293	1	PCX
6	42	640	480	0	480	294	1	PCX
6	43	640	480	0	480	295	1	PCX
6	44	640	480	0	480	296	1	PCX
6	45	640	480	0	480	297	1	PCX
6	46	640	480	0	480	298	1	PCX
6	47	640	480	0	480	299	1	PCX
6	48	640	480	0	480	300	1	PCX
6	49	640	480	0	480	300	1	PCX
6	50	640	480	0	480	301	1	PCX
6	51	640	480	0	480	302	1	PCX
6	52	640	480	0	480	303	1	PCX
6	53	640	480	0	480	304	1	PCX
6	54	640	480	0	480	305	1	PCX
6	55	640	480	0	480	306	1	PCX
6	56	640	480	0	480	307	1	PCX
6	57	640	480	0	480	308	1	PCX
6	58	640	480	0	480	309	1	PCX
6	59	640	480	0	480	310	1	PCX
6	60	640	480	0	480	311	1	PCX
6	61	640	480	0	480	312	1	PCX
6	62	640	480	0	480	313	1	PCX
6	63	640	480	0	480	314	1	PCX
6	64	640	480	0	480	315	1	PCX
6	65	640	500	0	500	316	1	PCX
6	66	640	500	0	500	317	1	PCX
6	67	640	500	0	500	318	1	PCX
6	68	640	500	0	500	319	1	PCX
6	69	640	500	0	500	320	1	PCX
6	70	640	500	0	500	321	1	PCX
6	71	640	500	0	500	322	1	PCX
6	72	640	500	0	500	323	1	PCX
6	73	640	500	0	500	324	1	PCX
6	74	640	500	0	500	325	1	PCX
6	75	640	500	0	500	326	1	PCX
6	76	640	500	0	500	327	1	PCX
6	77	640	500	0	500	328	1	PCX
6	78	640	500	0	500	329	1	PCX
6	79	640	500	0	500	330	1	PCX
6	80	640	500	0	500	331	1	PCX
6	81	640	500	0	500	332	1	PCX
6	82	640	500	0	500	333	1	PCX
6	83	640	500	0	500	334	1	PCX
6	84	640	500	0	500	335	1	PCX
6	85	640	500	0	500	336	1	PCX
6	86	640	500	0	500	337	1	PCX
6	87	640	500	0	500	338	1	PCX
6	88	640	500	0	500	339	1	PCX
6	89	640	500	0	500	340	1	PCX
6	90	640	500	0	500	341	1	PCX
6	91	640	500	0	500	342	1	PCX
6	92	640	500	0	500	343	1	PCX
6	93	640	500	0	500	344	1	PCX
6	94	640	500	0	500	345	1	PCX
