9000	0	25	25	0	0	0	1	PCX
9000	1	120	140	0	0	1	1	PCX
6	0	53	35	23	38	2	1	PCX
0	1	52	36	22	39	2	1	PCX
0	2	55	31	23	34	3	1	PCX
0	3	44	40	18	40	3	1	PCX
0	4	33	48	11	48	4	1	PCX
0	5	40	37	12	41	5	1	PCX
0	6	26	46	6	52	6	1	PCX
0	7	43	56	17	55	6	1	PCX
0	8	26	58	9	57	7	1	PCX
0	9	23	43	7	42	8	1	PCX
0	10	42	37	14	36	9	1	PCX
0	11	44	32	16	31	9	1	PCX
0	12	34	27	6	26	10	1	PCX
0	13	32	43	4	42	11	1	PCX
0	14	33	56	12	54	12	1	PCX
0	15	56	72	26	70	13	1	PCX
0	16	72	81	35	79	14	1	PCX
0	17	90	73	41	71	15	1	PCX
0	18	73	73	33	71	16	1	PCX
0	19	38	61	20	59	17	1	PCX
0	20	42	57	20	55	18	1	PCX
0	21	44	58	22	55	18	1	PCX
0	22	43	58	22	55	19	1	PCX
0	23	67	59	36	56	20	1	PCX
0	24	57	63	26	60	21	1	PCX
0	25	65	64	34	61	22	1	PCX
0	26	46	64	25	61	23	1	PCX
0	27	46	62	22	59	24	1	PCX
0	28	43	58	22	55	25	1	PCX
0	29	44	58	22	55	26	1	PCX
0	30	56	58	28	55	27	1	PCX
0	31	32	59	15	57	28	1	PCX
0	32	29	56	14	54	29	1	PCX
0	33	27	56	13	54	29	1	PCX
0	34	27	56	13	54	29	1	PCX
0	35	29	56	14	54	30	1	PCX
0	36	30	57	15	55	31	1	PCX
0	37	31	57	15	55	31	1	PCX
0	38	33	56	17	54	32	1	PCX
0	39	27	56	13	54	33	1	PCX
0	40	27	56	13	54	34	1	PCX
0	41	32	67	16	65	35	1	PCX
0	42	32	69	16	67	36	1	PCX
0	43	32	72	16	70	37	1	PCX
0	44	32	75	16	73	38	1	PCX
0	45	32	71	16	69	38	1	PCX
0	46	33	76	16	74	38	1	PCX
0	57	32	67	16	65	38	1	PCX
0	58	32	69	16	67	38	1	PCX
0	59	32	72	16	70	38	1	PCX
0	60	32	75	16	73	38	1	PCX
0	45	32	71	16	69	38	1	PCX
0	61	32	71	16	69	38	1	PCX
0	62	33	76	16	74	38	1	PCX
0	63	33	79	16	74	39	1	PCX
0	64	27	56	13	54	40	1	PCX
0	65	27	56	13	54	41	1	PCX
0	64	27	56	13	54	40	1	PCX
0	66	27	56	13	54	41	1	PCX
0	67	28	56	16	55	42	1	PCX
0	68	28	56	14	55	43	1	PCX
0	69	27	56	14	55	44	1	PCX
0	70	27	56	13	54	45	1	PCX
0	71	27	56	13	54	46	1	PCX
0	72	23	71	11	70	47	1	PCX
0	73	16	60	8	59	47	1	PCX
0	74	44	49	22	49	48	1	PCX
0	75	70	23	35	22	49	1	PCX
0	76	60	16	30	15	50	1	PCX
0	77	41	49	20	48	51	1	PCX
0	78	63	46	28	47	52	1	PCX
0	79	45	47	22	47	53	1	PCX
0	80	35	48	17	46	54	1	PCX
0	81	37	43	18	42	55	1	PCX
0	82	43	38	21	37	56	1	PCX
0	83	30	58	15	57	57	1	PCX
0	84	44	47	21	52	58	1	PCX
0	85	28	54	11	54	59	1	PCX
0	86	26	58	10	55	60	1	PCX
0	87	30	47	15	46	61	1	PCX
0	88	31	45	15	44	62	1	PCX
0	89	51	54	23	53	63	1	PCX
0	90	62	60	29	55	64	1	PCX
0	91	67	61	34	56	64	1	PCX
0	92	27	56	13	54	65	1	PCX
0	93	63	60	30	57	66	1	PCX
0	94	79	81	50	65	67	1	PCX
0	95	77	87	48	68	67	1	PCX
0	96	33	56	10	54	68	1	PCX
0	97	45	54	19	52	69	1	PCX
0	98	35	54	8	52	69	1	PCX
0	99	35	54	8	52	70	1	PCX
0	100	30	55	15	54	71	1	PCX
0	101	34	45	13	50	72	1	PCX
0	102	34	45	13	50	73	1	PCX
0	103	36	62	14	60	74	1	PCX
0	104	34	49	13	48	75	1	PCX
0	105	41	51	17	49	75	1	PCX
0	106	37	53	12	51	76	1	PCX
0	107	30	53	20	51	77	1	PCX
0	108	30	54	14	53	78	1	PCX
0	109	29	53	8	51	79	1	PCX
0	110	28	53	15	52	80	1	PCX
0	111	34	53	24	51	81	1	PCX
0	112	42	49	32	48	81	1	PCX
0	113	37	43	22	42	82	1	PCX
0	114	36	51	12	50	83	1	PCX
0	115	59	48	24	50	84	1	PCX
0	116	47	46	25	48	84	1	PCX
0	117	32	51	15	49	85	1	PCX
0	118	31	44	8	43	86	1	PCX
0	119	39	44	8	43	87	1	PCX
0	120	38	41	8	40	87	1	PCX
0	121	29	51	11	49	88	1	PCX
0	122	60	49	33	48	88	1	PCX
0	123	35	49	9	48	88	1	PCX
0	124	30	53	21	51	89	1	PCX
0	125	49	52	18	51	90	1	PCX
0	126	45	51	15	50	90	1	PCX
0	127	38	50	22	49	91	1	PCX
0	128	38	49	12	48	92	1	PCX
0	129	30	53	16	52	93	1	PCX
0	130	51	44	19	42	94	1	PCX
0	131	43	44	11	42	94	1	PCX
0	132	39	43	15	42	95	1	PCX
0	133	60	35	27	34	96	1	PCX
0	134	48	33	15	32	97	1	PCX
0	135	34	36	23	35	98	1	PCX
0	136	30	39	15	38	99	1	PCX
0	137	41	47	17	45	100	1	PCX
0	138	37	47	11	45	101	1	PCX
0	139	29	49	8	47	102	1	PCX
0	140	29	48	14	50	103	1	PCX
0	141	36	44	15	44	104	1	PCX
0	142	31	31	10	35	105	1	PCX
0	143	38	28	14	35	106	1	PCX
0	144	46	58	15	58	106	1	PCX
0	145	46	47	14	45	107	1	PCX
0	146	43	47	8	45	108	1	PCX
0	147	40	46	8	44	108	1	PCX
0	148	43	46	8	44	109	1	PCX
0	149	45	67	8	61	110	1	PCX
0	150	44	73	8	67	110	1	PCX
0	151	38	49	8	47	111	1	PCX
0	152	34	48	8	46	111	1	PCX
0	153	29	43	14	41	112	1	PCX
0	154	34	39	19	42	113	1	PCX
0	155	51	44	21	42	114	1	PCX
0	156	51	42	21	42	115	1	PCX
0	157	53	43	27	43	115	1	PCX
0	158	52	44	25	44	116	1	PCX
0	159	45	44	25	44	116	1	PCX
0	160	33	55	18	51	117	1	PCX
0	161	43	45	15	43	118	1	PCX
0	162	43	37	13	37	119	1	PCX
0	163	35	45	15	45	120	1	PCX
0	164	45	43	22	41	121	1	PCX
0	165	33	41	18	42	121	1	PCX
0	166	27	56	13	54	122	1	PCX
0	167	27	56	13	54	122	1	PCX
0	168	27	55	13	54	122	1	PCX
0	169	27	56	13	54	122	1	PCX
0	170	27	56	13	54	122	1	PCX
0	171	27	56	13	54	123	1	PCX
0	172	31	56	15	55	124	1	PCX
0	173	32	65	16	64	124	1	PCX
0	174	39	39	15	37	125	1	PCX
0	175	38	40	15	40	126	1	PCX
0	176	44	45	18	43	127	1	PCX
0	177	27	55	12	53	128	1	PCX
0	178	31	56	14	54	129	1	PCX
0	179	29	56	13	54	129	1	PCX
0	180	37	50	13	48	130	1	PCX
0	181	37	54	22	52	131	1	PCX
0	182	38	55	21	54	131	1	PCX
0	184	37	53	18	51	132	1	PCX
0	185	34	53	18	51	133	1	PCX
0	186	31	51	19	49	133	1	PCX
0	187	39	49	23	47	134	1	PCX
0	188	33	51	15	49	135	1	PCX
0	189	46	49	23	53	136	1	PCX
0	190	39	52	22	51	137	1	PCX
0	191	34	50	14	48	138	1	PCX
0	192	33	51	15	49	139	1	PCX
0	193	35	49	12	47	140	1	PCX
0	194	37	51	15	49	141	1	PCX
0	195	34	46	14	44	142	1	PCX
0	196	39	31	11	31	143	1	PCX
0	197	28	56	15	54	144	1	PCX
0	198	39	49	10	47	145	1	PCX
0	199	47	31	9	40	146	1	PCX
0	200	35	36	4	35	147	1	PCX
0	201	61	25	24	22	148	1	PCX
0	202	56	25	19	22	149	1	PCX
0	203	36	31	9	30	150	1	PCX
0	204	37	48	14	46	151	1	PCX
0	205	44	29	23	30	152	1	PCX
0	206	29	55	12	53	153	1	PCX
0	207	29	43	14	42	153	1	PCX
0	208	32	50	16	49	154	1	PCX
0	209	27	56	12	54	155	1	PCX
0	210	41	56	13	54	156	1	PCX
0	211	35	56	13	54	156	1	PCX
0	212	27	56	13	54	156	1	PCX
0	213	71	57	39	55	157	1	PCX
0	214	94	104	47	102	158	1	PCX
0	215	92	111	41	109	159	1	PCX
0	216	71	82	33	77	160	1	PCX
0	217	28	56	13	54	161	1	PCX
0	218	27	55	14	53	162	1	PCX
0	219	28	55	14	53	163	1	PCX
0	220	28	55	14	53	163	1	PCX
0	221	30	55	15	53	164	1	PCX
0	222	41	55	20	53	165	1	PCX
0	223	41	55	20	53	165	1	PCX
0	224	29	55	14	53	166	1	PCX
0	225	29	55	14	53	166	1	PCX
0	226	28	55	16	53	167	1	PCX
0	227	28	55	16	53	167	1	PCX
0	228	47	49	23	47	168	1	PCX
0	229	47	48	23	46	168	1	PCX
0	230	28	54	16	52	169	1	PCX
0	231	28	54	16	52	170	1	PCX
0	232	31	54	15	52	170	1	PCX
0	233	46	49	13	47	171	1	PCX
0	234	28	54	16	52	172	1	PCX
0	235	28	54	11	52	173	1	PCX
0	236	29	56	12	54	174	1	PCX
0	237	37	56	12	54	174	1	PCX
0	238	29	56	11	54	175	1	PCX
0	239	29	56	10	55	176	1	PCX
0	240	29	56	10	55	177	1	PCX
0	241	32	56	10	55	177	1	PCX
0	242	35	56	10	55	177	1	PCX
0	243	38	56	10	55	177	1	PCX
0	244	35	54	9	53	178	1	PCX
0	245	38	48	8	47	179	1	PCX
0	246	27	55	12	53	180	1	PCX
0	247	32	50	10	48	181	1	PCX
0	248	37	46	10	44	182	1	PCX
0	249	34	56	14	54	183	1	PCX
0	250	33	56	13	54	183	1	PCX
0	251	35	52	13	50	184	1	PCX
0	252	45	47	23	46	185	1	PCX
0	253	46	47	24	46	185	1	PCX
0	254	49	47	27	46	185	1	PCX
0	255	53	47	31	46	185	1	PCX
0	256	46	49	19	48	186	1	PCX
0	257	36	50	15	49	187	1	PCX
0	258	27	52	15	50	188	1	PCX
0	259	28	53	12	51	189	1	PCX
0	260	95	98	48	72	190	1	PCX
0	261	92	87	43	66	190	1	PCX
0	262	113	63	56	54	190	1	PCX
0	263	103	60	46	52	191	1	PCX
0	264	28	53	12	51	192	1	PCX
0	265	32	52	8	50	193	1	PCX
0	266	65	79	8	62	194	1	PCX
0	267	64	73	8	60	195	1	PCX
0	268	34	46	13	44	196	1	PCX
0	269	69	79	20	55	197	1	PCX
0	270	67	73	20	53	198	1	PCX
0	271	28	46	9	46	199	1	PCX
0	272	132	128	62	76	200	1	PCX
0	273	115	114	56	68	201	1	PCX
0	274	46	40	21	37	202	1	PCX
0	275	36	60	13	58	203	1	PCX
0	276	34	39	16	39	204	1	PCX
0	277	66	42	29	42	205	1	PCX
0	278	52	42	18	42	206	1	PCX
0	279	34	38	15	36	207	1	PCX
0	280	38	50	16	48	208	1	PCX
0	281	38	50	16	48	208	1	PCX
0	282	37	39	19	38	209	1	PCX
0	295	30	54	12	52	210	1	PCX
0	296	32	56	13	53	211	1	PCX
0	297	38	58	16	56	212	1	PCX
0	298	47	65	20	63	213	1	PCX
0	299	56	74	26	68	214	1	PCX
0	300	89	83	44	74	215	1	PCX
0	301	91	83	45	72	215	1	PCX
0	302	97	83	46	74	216	1	PCX
0	303	91	83	45	72	217	1	PCX
0	304	89	83	44	74	217	1	PCX
0	305	94	94	45	84	218	1	PCX
0	306	72	96	35	85	218	1	PCX
0	307	56	75	24	63	219	1	PCX
0	308	77	61	30	55	219	1	PCX
0	309	136	72	94	60	220	1	PCX
0	310	141	67	96	56	220	1	PCX
0	311	148	67	104	60	220	1	PCX
0	312	143	72	99	64	220	1	PCX
0	319	44	49	30	47	221	1	PCX
0	320	44	43	30	41	222	1	PCX
0	321	34	48	20	46	223	1	PCX
0	322	43	51	28	50	224	1	PCX
0	323	50	58	34	57	224	1	PCX
0	324	57	122	41	121	224	1	PCX
0	325	55	133	37	132	225	1	PCX
0	326	52	149	30	148	226	1	PCX
0	327	35	50	12	49	227	1	PCX
0	328	33	51	12	50	228	1	PCX
0	329	33	51	12	50	229	1	PCX
0	330	31	46	15	45	230	1	PCX
0	331	32	49	18	48	231	1	PCX
0	332	39	50	24	49	232	1	PCX
0	333	35	46	13	45	233	1	PCX
0	334	29	44	14	43	234	1	PCX
0	335	38	40	24	39	235	1	PCX
0	336	27	51	13	50	236	1	PCX
0	337	30	56	13	54	237	1	PCX
0	338	28	56	11	54	237	1	PCX
0	339	28	56	11	54	238	1	PCX
0	340	28	56	11	54	239	1	PCX
0	341	29	56	12	54	240	1	PCX
0	342	30	56	13	55	241	1	PCX
0	343	28	54	12	53	242	1	PCX
0	344	31	56	16	55	242	1	PCX
0	345	28	56	20	55	242	1	PCX
0	346	29	57	18	56	243	1	PCX
0	347	26	56	14	55	244	1	PCX
0	348	26	56	14	55	245	1	PCX
0	349	32	67	16	66	246	1	PCX
0	350	32	69	16	68	246	1	PCX
0	351	32	72	16	71	246	1	PCX
0	352	32	75	16	74	246	1	PCX
0	353	32	71	16	70	246	1	PCX
0	354	33	76	16	75	246	1	PCX
0	355	34	50	14	48	247	1	PCX
0	356	30	44	7	42	248	1	PCX
0	357	37	37	9	35	249	1	PCX
0	358	38	37	10	35	250	1	PCX
0	359	38	49	11	47	251	1	PCX
0	360	38	52	10	50	252	1	PCX
0	361	39	49	11	47	253	1	PCX
0	362	38	52	10	50	253	1	PCX
0	363	37	49	11	47	254	1	PCX
0	364	37	52	10	50	255	1	PCX
0	365	45	53	21	51	256	1	PCX
0	366	42	58	21	56	257	1	PCX
0	367	52	64	27	62	258	1	PCX
0	368	45	62	22	60	259	1	PCX
0	369	32	48	19	46	260	1	PCX
0	370	36	42	9	40	261	1	PCX
0	371	62	26	17	22	262	1	PCX
0	372	61	26	17	22	262	1	PCX
1	0	175	60	87	30	263	1	PCX
1	1	169	64	63	30	264	1	PCX
1	2	171	78	56	44	265	1	PCX
1	3	214	100	91	51	266	1	PCX
1	4	248	108	124	54	267	1	PCX
1	5	248	110	124	55	268	1	PCX
1	6	248	111	124	55	269	1	PCX
1	7	248	111	124	55	270	1	PCX
1	8	248	111	124	55	271	1	PCX
1	9	248	111	124	55	272	1	PCX
1	10	248	109	124	55	273	1	PCX
1	11	248	107	124	55	274	1	PCX
1	12	248	107	124	55	275	1	PCX
1	13	248	106	124	55	276	1	PCX
1	14	248	106	124	55	277	1	PCX
1	15	248	105	124	55	278	1	PCX
1	16	248	105	124	55	279	1	PCX
1	17	248	89	124	52	280	1	PCX
1	18	247	40	123	20	281	1	PCX
1	19	246	38	123	19	282	1	PCX
1	20	84	139	10	71	283	1	PCX
1	21	150	127	4	61	283	1	PCX
1	22	145	119	4	59	283	1	PCX
1	23	125	78	8	35	283	1	PCX
6	20	84	139	10	71	284	1	PCX
6	21	150	127	4	64	284	1	PCX
6	22	145	119	4	59	284	1	PCX
6	23	125	78	8	35	284	1	PCX
6	24	87	15	6	7	284	1	PCX
1	24	87	15	6	7	285	1	PCX
1	25	94	95	47	47	286	1	PCX
1	26	95	94	45	46	286	1	PCX
1	27	95	94	45	46	286	1	PCX
1	28	93	95	48	49	286	1	PCX
1	30	485	480	242	240	287	1	PCX
1	31	485	480	242	240	288	1	PCX
1	32	485	480	242	240	289	1	PCX
1	33	485	480	242	240	290	1	PCX
1	34	485	480	242	240	291	1	PCX
1	35	485	480	242	240	292	1	PCX
1	36	485	480	242	240	293	1	PCX
1	37	485	480	242	240	294	1	PCX
1	38	485	480	242	240	295	1	PCX
1	39	485	480	242	240	296	1	PCX
1	40	485	480	242	240	297	1	PCX
1	41	485	480	242	240	298	1	PCX
1	42	485	480	242	240	299	1	PCX
1	43	485	480	242	240	300	1	PCX
1	44	485	480	242	240	301	1	PCX
1	45	485	480	242	240	302	1	PCX
1	46	485	480	242	240	303	1	PCX
1	47	485	480	242	240	304	1	PCX
1	48	485	480	242	240	305	1	PCX
1	49	485	480	242	240	306	1	PCX
1	50	485	480	242	240	307	1	PCX
1	51	485	480	242	240	308	1	PCX
1	52	485	480	242	240	309	1	PCX
1	53	485	480	242	240	310	1	PCX
1	54	81	202	52	97	311	1	PCX
6	14	135	149	67	74	312	1	PCX
6	15	135	149	67	74	313	1	PCX
6	16	135	149	67	74	314	1	PCX
6	17	135	149	67	74	315	1	PCX
6	18	135	149	67	74	316	1	PCX
1	55	147	255	112	125	317	1	PCX
1	56	163	277	123	137	318	1	PCX
1	57	172	249	130	122	319	1	PCX
1	58	178	253	136	124	320	1	PCX
1	59	185	262	143	128	321	1	PCX
1	60	196	271	153	132	322	1	PCX
1	61	210	284	165	141	323	1	PCX
1	62	218	292	172	145	324	1	PCX
1	63	226	298	179	148	325	1	PCX
1	64	232	290	186	144	326	1	PCX
1	65	126	126	59	64	327	1	PCX
1	66	118	119	56	60	328	1	PCX
1	67	112	114	52	57	329	1	PCX
1	68	103	105	48	52	330	1	PCX
1	69	129	129	63	64	331	1	PCX
1	70	130	129	64	64	332	1	PCX
1	71	126	126	62	62	333	1	PCX
1	72	120	120	59	59	334	1	PCX
1	73	114	115	56	58	335	1	PCX
1	74	104	104	52	52	336	1	PCX
1	75	92	92	46	47	337	1	PCX
1	76	95	80	51	41	338	1	PCX
1	77	122	87	66	45	339	1	PCX
1	78	144	94	75	48	340	1	PCX
1	79	135	113	66	57	341	1	PCX
1	80	176	177	88	88	342	1	PCX
1	81	174	174	87	87	343	1	PCX
1	82	167	168	83	84	344	1	PCX
1	83	163	162	81	81	345	1	PCX
1	84	164	165	82	82	346	1	PCX
1	85	165	164	82	82	347	1	PCX
1	86	167	166	83	83	348	1	PCX
1	87	165	164	82	82	349	1	PCX
1	88	168	168	84	84	350	1	PCX
1	89	174	174	87	87	351	1	PCX
1	90	398	68	199	34	352	1	PCX
1	91	466	98	233	60	353	1	PCX
1	92	476	104	238	66	354	1	PCX
1	93	488	108	244	68	355	1	PCX
1	94	494	106	247	69	356	1	PCX
1	95	398	294	169	147	357	1	PCX
1	96	517	294	176	147	358	1	PCX
1	97	570	294	174	147	359	1	PCX
1	98	570	294	177	147	360	1	PCX
1	99	570	294	177	147	361	1	PCX
1	100	574	285	178	139	362	1	PCX
1	101	574	294	178	147	363	1	PCX
1	102	572	294	178	147	364	1	PCX
1	103	570	294	178	147	365	1	PCX
1	104	570	294	178	147	366	1	PCX
1	105	570	294	178	147	367	1	PCX
1	106	570	288	178	144	368	1	PCX
1	107	570	294	178	147	369	1	PCX
1	108	570	294	178	147	370	1	PCX
1	109	64	69	5	34	371	1	PCX
1	110	66	84	5	42	371	1	PCX
1	111	78	84	5	42	371	1	PCX
1	112	94	85	5	42	371	1	PCX
1	113	108	83	5	41	371	1	PCX
1	114	110	78	5	39	371	1	PCX
1	115	110	78	5	39	371	1	PCX
1	116	199	77	5	38	371	1	PCX
1	117	275	77	5	38	371	1	PCX
1	118	410	78	5	39	371	1	PCX
1	119	545	78	5	39	371	1	PCX
1	120	689	78	5	39	371	1	PCX
1	121	758	78	5	39	371	1	PCX
1	122	760	66	5	33	371	1	PCX
1	123	760	55	5	27	371	1	PCX
1	124	759	41	5	20	371	1	PCX
1	125	761	29	5	14	371	1	PCX
2	0	36	36	18	18	372	1	PCX
2	1	53	53	26	26	373	1	PCX
2	2	73	73	36	36	374	1	PCX
2	3	95	96	47	48	375	1	PCX
2	4	121	121	60	60	376	1	PCX
2	5	133	133	66	66	376	1	PCX
2	6	141	141	70	70	377	1	PCX
2	7	146	146	73	73	378	1	PCX
2	8	149	149	74	74	379	1	PCX
2	9	151	151	75	75	380	1	PCX
2	10	153	153	76	76	381	1	PCX
2	11	156	156	78	78	382	1	PCX
2	12	186	146	25	124	383	1	PCX
2	13	195	231	32	207	383	1	PCX
2	14	238	265	24	245	383	1	PCX
2	15	253	271	25	241	383	1	PCX
2	16	285	264	22	242	383	1	PCX
2	17	294	258	15	232	383	1	PCX
2	18	315	271	19	249	383	1	PCX
2	19	343	272	36	252	383	1	PCX
2	20	350	267	31	244	383	1	PCX
2	21	366	273	32	250	383	1	PCX
2	22	338	272	25	255	383	1	PCX
2	23	326	276	17	267	383	1	PCX
2	24	340	272	28	252	383	1	PCX
2	25	336	265	26	247	383	1	PCX
2	26	325	256	17	247	383	1	PCX
2	27	316	106	158	53	384	1	PCX
2	28	317	108	158	54	384	1	PCX
2	29	330	108	165	54	384	1	PCX
2	30	334	105	167	52	384	1	PCX
2	31	339	109	169	54	384	1	PCX
2	32	334	103	167	51	384	1	PCX
2	33	350	105	175	52	384	1	PCX
2	34	314	107	157	53	384	1	PCX
2	35	275	273	137	136	385	1	PCX
2	36	275	273	137	136	386	1	PCX
2	37	275	273	137	136	387	1	PCX
2	38	275	273	137	136	388	1	PCX
2	39	275	273	137	136	389	1	PCX
2	40	275	273	137	136	390	1	PCX
2	41	275	273	137	136	391	1	PCX
2	42	275	273	137	136	392	1	PCX
2	43	275	273	137	136	393	1	PCX
2	44	275	273	137	136	394	1	PCX
2	45	275	273	137	136	395	1	PCX
2	46	275	273	137	136	396	1	PCX
2	47	275	273	137	136	397	1	PCX
2	48	275	273	137	136	398	1	PCX
2	49	275	273	137	136	399	1	PCX
2	50	275	273	137	136	400	1	PCX
2	51	275	273	137	136	401	1	PCX
2	52	275	273	137	136	402	1	PCX
2	53	275	273	137	136	403	1	PCX
2	54	275	273	137	136	404	1	PCX
2	55	275	273	137	136	405	1	PCX
2	56	275	273	137	136	406	1	PCX
2	57	70	71	35	35	407	1	PCX
2	58	92	93	46	46	407	1	PCX
2	59	116	114	58	57	407	1	PCX
2	60	137	134	68	67	407	1	PCX
2	61	163	161	81	80	407	1	PCX
2	62	195	206	97	103	407	1	PCX
2	63	212	212	106	106	407	1	PCX
2	64	228	221	114	110	407	1	PCX
2	65	228	225	114	112	407	1	PCX
2	66	233	234	116	117	407	1	PCX
2	67	179	30	89	15	408	1	PCX
2	68	176	30	89	15	408	1	PCX
2	69	174	30	88	15	408	1	PCX
2	70	136	173	68	86	408	1	PCX
2	71	133	171	66	85	408	1	PCX
2	72	133	168	73	82	408	1	PCX
2	73	99	79	49	39	408	1	PCX
2	74	105	81	52	40	408	1	PCX
2	75	111	77	55	38	408	1	PCX
2	76	131	67	62	55	409	1	PCX
2	77	140	82	66	69	409	1	PCX
2	78	170	92	81	79	409	1	PCX
2	79	199	111	99	99	409	1	PCX
2	80	240	133	106	118	409	1	PCX
2	81	256	139	114	123	409	1	PCX
2	82	263	142	118	127	409	1	PCX
2	83	265	145	118	131	409	1	PCX
2	84	272	144	116	130	409	1	PCX
2	85	221	75	118	61	409	1	PCX
2	86	203	58	101	46	409	1	PCX
2	87	204	39	102	31	409	1	PCX
2	88	640	480	0	480	410	1	PCX
2	89	640	480	0	480	411	1	PCX
2	90	640	480	0	480	412	1	PCX
2	91	640	480	0	480	413	1	PCX
2	92	640	480	0	480	414	1	PCX
2	93	640	480	0	480	415	1	PCX
2	94	640	480	0	480	416	1	PCX
2	95	640	480	0	480	417	1	PCX
2	96	640	480	0	480	418	1	PCX
2	97	640	480	0	480	419	1	PCX
2	98	640	480	0	480	420	1	PCX
2	99	640	480	0	480	421	1	PCX
2	100	640	480	0	480	422	1	PCX
2	101	640	480	0	480	423	1	PCX
2	102	640	480	0	480	423	1	PCX
2	103	640	480	0	480	424	1	PCX
2	104	640	480	0	480	425	1	PCX
2	105	640	480	0	480	426	1	PCX
2	106	640	480	0	480	427	1	PCX
2	107	640	480	0	480	428	1	PCX
2	108	640	480	0	480	429	1	PCX
2	109	640	480	0	480	430	1	PCX
2	110	640	480	0	480	431	1	PCX
2	111	640	480	0	480	432	1	PCX
2	112	640	480	0	480	433	1	PCX
2	113	640	480	0	480	434	1	PCX
2	114	640	480	0	480	435	1	PCX
2	115	640	480	0	480	436	1	PCX
2	116	640	480	0	480	437	1	PCX
2	117	640	480	0	480	438	1	PCX
3	0	610	250	0	250	439	1	PCX
3	1	616	288	0	288	440	1	PCX
3	2	616	288	0	288	441	1	PCX
3	3	616	288	0	288	442	1	PCX
3	4	616	289	0	289	443	1	PCX
3	5	616	289	0	289	444	1	PCX
3	6	616	289	0	289	445	1	PCX
3	7	616	289	0	289	446	1	PCX
3	8	616	289	0	289	447	1	PCX
3	9	616	289	0	289	448	1	PCX
3	10	616	289	0	289	449	1	PCX
3	11	616	289	0	289	450	1	PCX
3	12	616	289	0	289	451	1	PCX
3	13	616	288	0	288	452	1	PCX
3	14	616	289	0	289	453	1	PCX
3	15	616	288	0	288	454	1	PCX
3	16	616	288	0	288	455	1	PCX
3	17	616	288	0	288	456	1	PCX
3	18	616	289	0	289	457	1	PCX
3	19	616	289	0	289	458	1	PCX
3	20	616	289	0	289	459	1	PCX
3	21	616	289	0	289	460	1	PCX
3	22	616	289	0	289	461	1	PCX
3	23	89	60	44	31	462	1	PCX
3	24	128	73	64	37	462	1	PCX
3	25	206	119	103	63	462	1	PCX
3	26	226	128	113	63	462	1	PCX
3	27	256	121	128	59	462	1	PCX
3	28	277	141	138	62	462	1	PCX
3	29	284	137	142	69	462	1	PCX
3	30	288	131	144	64	462	1	PCX
3	31	287	133	144	65	462	1	PCX
3	32	288	138	144	68	462	1	PCX
3	33	288	140	144	69	462	1	PCX
3	34	288	87	144	43	462	1	PCX
3	35	288	89	144	43	462	1	PCX
3	36	289	91	144	44	462	1	PCX
3	37	286	44	143	20	462	1	PCX
3	38	274	27	137	14	462	1	PCX
3	39	218	14	109	7	462	1	PCX
3	40	189	14	94	7	462	1	PCX
3	41	419	126	209	63	463	1	PCX
3	42	359	83	179	41	464	1	PCX
3	43	356	86	178	43	465	1	PCX
3	44	439	91	219	45	466	1	PCX
3	45	450	118	225	59	467	1	PCX
3	46	444	124	222	62	468	1	PCX
3	47	447	119	223	59	469	1	PCX
3	48	453	120	226	60	470	1	PCX
3	49	439	126	219	63	471	1	PCX
3	50	40	25	20	12	472	1	PCX
3	51	45	26	22	13	472	1	PCX
3	52	42	23	21	11	472	1	PCX
3	53	32	19	16	9	472	1	PCX
3	54	30	17	15	8	472	1	PCX
3	55	162	224	85	186	473	1	PCX
3	56	160	224	83	186	473	1	PCX
3	57	157	228	79	189	473	1	PCX
3	58	155	222	77	184	473	1	PCX
3	59	154	223	76	185	473	1	PCX
3	60	154	215	76	182	473	1	PCX
3	61	153	216	76	184	473	1	PCX
3	62	154	220	76	187	473	1	PCX
3	63	155	221	77	187	473	1	PCX
3	64	152	225	77	191	473	1	PCX
3	65	151	228	78	193	473	1	PCX
3	66	153	222	79	187	473	1	PCX
3	67	153	223	79	188	473	1	PCX
3	68	155	225	80	190	473	1	PCX
3	69	156	224	80	189	473	1	PCX
3	70	156	225	79	190	473	1	PCX
3	71	158	215	80	181	473	1	PCX
3	72	159	201	80	173	473	1	PCX
3	73	160	199	81	177	473	1	PCX
3	74	161	202	81	179	473	1	PCX
3	75	161	208	81	184	473	1	PCX
3	76	161	213	81	187	473	1	PCX
3	77	161	207	81	180	473	1	PCX
3	78	161	213	81	184	473	1	PCX
3	79	159	219	80	189	473	1	PCX
3	80	158	222	81	191	473	1	PCX
3	81	162	224	82	191	473	1	PCX
3	82	164	226	83	192	473	1	PCX
3	83	159	229	84	194	473	1	PCX
3	84	160	228	84	192	473	1	PCX
3	85	162	227	85	191	473	1	PCX
3	86	162	224	85	187	473	1	PCX
3	91	266	42	133	21	474	1	PCX
3	92	373	63	186	31	474	1	PCX
3	93	373	54	186	27	474	1	PCX
3	94	396	57	198	28	474	1	PCX
3	95	389	56	194	28	474	1	PCX
3	96	386	58	193	29	474	1	PCX
3	97	354	38	177	19	474	1	PCX
3	98	173	174	86	87	475	1	PCX
3	99	246	248	123	124	475	1	PCX
3	100	292	314	146	157	475	1	PCX
4	0	607	457	303	228	476	1	PCX
4	1	625	469	312	234	477	1	PCX
4	2	651	485	325	242	478	1	PCX
4	3	7	7	3	3	479	1	PCX
4	4	9	9	4	4	479	1	PCX
4	5	13	13	6	6	479	1	PCX
4	6	21	21	10	10	479	1	PCX
4	7	37	37	18	18	479	1	PCX
4	8	69	69	34	34	479	1	PCX
4	9	590	506	295	253	480	1	PCX
4	10	320	240	0	240	481	1	PCX
4	11	320	240	0	240	482	1	PCX
4	12	320	240	0	240	482	1	PCX
4	13	320	240	0	240	482	1	PCX
4	14	320	240	0	240	482	1	PCX
4	15	153	20	76	10	483	1	PCX
4	16	170	22	85	11	483	1	PCX
4	17	190	24	95	12	483	1	PCX
4	18	208	27	104	13	483	1	PCX
4	19	228	29	114	14	483	1	PCX
4	20	243	31	121	15	483	1	PCX
4	21	260	34	130	17	483	1	PCX
4	22	267	34	133	17	483	1	PCX
