5	0	32	46	16	44	0	1	PCX
0	1	33	45	18	43	1	1	PCX
0	2	70	45	35	43	2	1	PCX
0	3	81	85	40	73	2	1	PCX
0	4	79	84	39	73	2	1	PCX
0	5	33	45	18	43	3	1	PCX
0	6	30	48	16	46	4	1	PCX
0	7	34	53	18	51	4	1	PCX
0	8	39	57	21	55	5	1	PCX
0	9	41	58	23	56	6	1	PCX
0	10	34	53	18	51	7	1	PCX
0	11	34	53	18	51	8	1	PCX
0	12	34	53	18	51	8	1	PCX
0	13	36	53	20	51	9	1	PCX
0	14	31	53	14	51	10	1	PCX
0	15	34	53	18	51	11	1	PCX
0	16	32	53	15	51	12	1	PCX
0	17	31	53	15	51	13	1	PCX
0	18	28	53	12	51	14	1	PCX
0	19	44	44	21	47	15	1	PCX
0	20	37	56	19	56	16	1	PCX
0	21	34	56	19	54	16	1	PCX
0	22	43	39	20	38	17	1	PCX
0	23	54	39	27	38	18	1	PCX
0	24	52	36	20	36	19	1	PCX
0	25	70	23	35	20	20	1	PCX
0	26	60	16	30	16	21	1	PCX
0	27	41	49	12	47	22	1	PCX
0	28	44	47	11	45	23	1	PCX
0	29	36	49	18	48	24	1	PCX
0	30	48	50	13	49	24	1	PCX
0	31	50	50	15	49	24	1	PCX
0	32	51	48	20	47	25	1	PCX
0	33	51	48	20	47	25	1	PCX
0	34	33	51	16	50	26	1	PCX
0	35	54	51	22	50	27	1	PCX
0	36	55	52	24	51	27	1	PCX
0	37	52	44	33	42	28	1	PCX
0	38	63	41	35	40	29	1	PCX
0	39	45	41	29	40	30	1	PCX
0	40	41	46	15	45	31	1	PCX
0	41	47	49	16	45	32	1	PCX
0	42	47	39	16	35	32	1	PCX
0	43	47	36	15	35	33	1	PCX
0	44	35	45	17	43	34	1	PCX
0	45	45	45	22	41	35	1	PCX
0	46	34	48	20	42	36	1	PCX
0	47	42	48	21	46	37	1	PCX
0	48	32	53	16	50	38	1	PCX
0	49	44	51	15	49	39	1	PCX
0	50	61	27	26	19	40	1	PCX
0	51	40	49	18	47	41	1	PCX
0	52	45	44	19	43	42	1	PCX
0	53	42	46	20	45	43	1	PCX
0	54	39	59	20	57	44	1	PCX
0	55	49	64	24	62	45	1	PCX
0	56	91	91	45	89	46	1	PCX
0	57	98	96	48	94	47	1	PCX
0	58	95	80	47	77	48	1	PCX
0	59	39	48	19	47	49	1	PCX
0	60	49	48	29	47	50	1	PCX
0	61	38	42	18	41	51	1	PCX
0	62	37	43	18	42	51	1	PCX
0	63	38	46	18	45	52	1	PCX
0	64	45	47	19	46	53	1	PCX
0	65	39	50	19	49	54	1	PCX
0	66	37	51	19	50	55	1	PCX
0	67	28	59	16	57	56	1	PCX
0	68	37	48	17	46	56	1	PCX
0	69	40	49	18	47	57	1	PCX
0	49	44	51	15	49	39	1	PCX
0	71	61	27	26	19	58	1	PCX
0	72	61	27	26	19	59	1	PCX
0	73	57	28	26	21	60	1	PCX
0	74	57	28	26	21	61	1	PCX
0	75	48	40	17	39	62	1	PCX
0	76	60	36	20	35	63	1	PCX
0	77	92	102	52	66	64	1	PCX
9000	0	34	53	4	3	65	1	PCX
9000	1	120	140	0	0	66	1	PCX
2	0	94	95	47	47	67	1	PCX
2	1	95	94	45	46	67	1	PCX
2	2	95	94	45	46	67	1	PCX
2	3	93	95	47	49	67	1	PCX
2	4	84	139	11	68	68	1	PCX
2	5	150	127	5	65	68	1	PCX
2	6	145	119	5	58	68	1	PCX
2	7	125	78	8	36	68	1	PCX
2	8	87	15	4	7	68	1	PCX
2	9	135	149	67	74	69	1	PCX
2	10	135	149	67	74	70	1	PCX
2	11	135	149	67	74	71	1	PCX
2	12	135	149	67	74	72	1	PCX
2	13	135	149	67	74	73	1	PCX
2	14	275	273	137	136	74	1	PCX
2	15	275	273	137	136	75	1	PCX
2	16	275	273	137	136	76	1	PCX
2	17	275	273	137	136	77	1	PCX
2	18	275	273	137	136	78	1	PCX
2	19	275	273	137	136	79	1	PCX
2	20	275	273	137	136	80	1	PCX
2	21	275	273	137	136	81	1	PCX
2	22	275	273	137	136	82	1	PCX
2	23	275	273	137	136	83	1	PCX
2	24	275	273	137	136	84	1	PCX
2	25	275	273	137	136	85	1	PCX
2	26	275	273	137	136	86	1	PCX
2	27	275	273	137	136	87	1	PCX
2	28	275	273	137	136	88	1	PCX
2	29	275	273	137	136	89	1	PCX
2	30	275	273	137	136	90	1	PCX
2	31	275	273	137	136	91	1	PCX
2	32	275	273	137	136	92	1	PCX
2	33	275	273	137	136	93	1	PCX
2	34	275	273	137	136	94	1	PCX
2	35	275	273	137	136	95	1	PCX
2	36	70	71	35	35	96	1	PCX
2	37	92	93	46	46	96	1	PCX
2	38	116	114	58	57	96	1	PCX
2	39	137	134	68	67	96	1	PCX
2	40	163	161	81	80	96	1	PCX
2	41	195	206	97	103	96	1	PCX
2	42	212	212	106	106	96	1	PCX
2	43	228	221	114	110	96	1	PCX
2	44	228	225	114	112	96	1	PCX
2	45	233	234	116	117	96	1	PCX
2	76	398	68	199	34	97	1	PCX
2	77	466	98	233	64	98	1	PCX
2	78	476	104	236	71	99	1	PCX
2	79	488	108	244	75	100	1	PCX
2	80	494	106	247	77	101	1	PCX
2	81	215	116	17	61	102	1	PCX
2	82	286	124	29	60	102	1	PCX
2	83	316	125	29	64	102	1	PCX
2	84	424	137	28	68	102	1	PCX
2	85	417	126	28	62	102	1	PCX
2	86	497	125	27	64	102	1	PCX
2	87	495	143	27	74	102	1	PCX
2	88	559	143	27	69	102	1	PCX
2	89	619	143	27	66	102	1	PCX
2	90	684	143	25	66	102	1	PCX
2	91	1589	138	21	63	102	1	PCX
2	92	1589	151	24	64	102	1	PCX
2	93	1584	91	23	45	102	1	PCX
2	94	485	480	242	240	103	1	PCX
2	95	485	480	242	240	103	1	PCX
2	96	485	480	242	240	103	1	PCX
2	97	485	480	242	240	103	1	PCX
2	98	485	480	242	240	103	1	PCX
2	99	485	480	242	240	103	1	PCX
2	100	485	480	242	240	103	1	PCX
2	101	485	480	242	240	103	1	PCX
2	102	485	480	242	240	103	1	PCX
2	103	485	480	242	240	103	1	PCX
2	104	485	480	242	240	103	1	PCX
2	105	485	480	242	240	103	1	PCX
2	106	485	480	242	240	103	1	PCX
2	107	485	480	242	240	103	1	PCX
2	108	485	480	242	240	103	1	PCX
2	109	485	480	242	240	103	1	PCX
2	110	485	480	242	240	103	1	PCX
2	111	485	480	242	240	103	1	PCX
2	112	485	480	242	240	103	1	PCX
2	113	485	480	242	240	103	1	PCX
2	114	485	480	242	240	103	1	PCX
2	115	485	480	242	240	103	1	PCX
2	116	485	480	242	240	103	1	PCX
2	117	485	480	242	240	103	1	PCX
1	95	398	294	169	147	104	1	PCX
1	96	517	294	176	147	104	1	PCX
1	97	570	294	174	147	104	1	PCX
1	98	570	294	177	147	104	1	PCX
1	99	570	294	177	147	104	1	PCX
1	100	574	285	178	139	104	1	PCX
1	101	574	294	178	147	104	1	PCX
1	102	572	294	178	147	104	1	PCX
1	103	570	294	178	147	104	1	PCX
1	104	570	294	178	147	104	1	PCX
1	105	570	294	178	147	104	1	PCX
1	106	570	288	178	144	104	1	PCX
1	107	570	294	178	147	104	1	PCX
1	108	570	294	178	147	104	1	PCX
3	3	731	214	626	83	105	1	PCX
3	4	752	196	647	86	105	1	PCX
3	5	718	183	613	74	105	1	PCX
3	6	522	254	448	120	105	1	PCX
3	7	428	215	287	82	105	1	PCX
1	54	461	344	230	172	106	1	PCX
1	55	461	344	230	172	106	1	PCX
1	56	460	339	230	169	106	1	PCX
1	57	461	336	230	168	106	1	PCX
1	58	461	334	230	167	106	1	PCX
1	59	460	336	230	168	106	1	PCX
1	60	459	336	229	168	106	1	PCX
1	61	460	340	230	170	106	1	PCX
3	15	610	250	0	250	107	1	PCX
3	16	616	288	0	288	108	1	PCX
3	17	616	288	0	288	109	1	PCX
3	18	616	288	0	288	110	1	PCX
3	19	616	289	0	289	111	1	PCX
3	20	616	289	0	289	112	1	PCX
3	21	616	289	0	289	113	1	PCX
3	22	616	289	0	289	114	1	PCX
3	23	616	289	0	289	115	1	PCX
3	24	616	289	0	289	116	1	PCX
3	25	616	289	0	289	117	1	PCX
3	26	616	289	0	289	118	1	PCX
3	27	616	289	0	289	119	1	PCX
3	28	616	288	0	288	120	1	PCX
3	29	616	289	0	289	121	1	PCX
3	30	616	288	0	288	122	1	PCX
3	31	616	288	0	288	123	1	PCX
3	32	616	288	0	288	124	1	PCX
3	33	616	289	0	289	125	1	PCX
3	34	616	289	0	289	126	1	PCX
3	35	616	289	0	289	127	1	PCX
3	36	616	289	0	289	128	1	PCX
3	37	616	289	0	289	129	1	PCX
3	38	1280	720	0	720	130	1	PCX
3	39	89	60	44	31	131	1	PCX
3	40	128	73	64	37	131	1	PCX
3	41	206	119	103	62	131	1	PCX
3	42	226	128	113	64	131	1	PCX
3	43	256	121	127	60	131	1	PCX
3	44	277	141	138	63	131	1	PCX
3	45	284	137	143	70	131	1	PCX
3	46	288	131	143	65	131	1	PCX
3	47	287	133	143	66	131	1	PCX
3	48	288	138	144	69	131	1	PCX
3	49	288	140	144	70	131	1	PCX
3	50	288	87	144	44	131	1	PCX
3	51	288	89	144	45	131	1	PCX
3	52	289	91	144	46	131	1	PCX
3	53	286	44	143	20	131	1	PCX
3	54	274	27	138	14	131	1	PCX
3	55	218	14	109	7	131	1	PCX
3	56	189	14	94	7	131	1	PCX
3	57	89	60	44	30	132	1	PCX
3	58	128	73	64	36	132	1	PCX
3	59	206	119	103	64	132	1	PCX
3	60	226	128	113	65	132	1	PCX
3	61	256	121	128	60	132	1	PCX
3	62	277	141	138	63	132	1	PCX
3	63	284	137	142	69	132	1	PCX
3	64	288	131	144	64	132	1	PCX
3	65	287	133	143	65	132	1	PCX
3	66	288	138	144	68	132	1	PCX
3	67	288	140	144	69	132	1	PCX
3	68	288	87	144	43	132	1	PCX
3	69	288	89	143	44	132	1	PCX
3	70	289	91	143	45	132	1	PCX
3	71	286	44	143	20	132	1	PCX
3	72	274	27	138	14	132	1	PCX
3	73	218	14	109	7	132	1	PCX
3	74	189	14	94	7	132	1	PCX
3	75	419	126	209	63	133	1	PCX
3	76	359	83	179	41	134	1	PCX
3	77	356	86	178	43	135	1	PCX
3	78	439	91	219	45	136	1	PCX
3	79	450	118	225	59	137	1	PCX
3	80	444	124	222	62	138	1	PCX
3	81	447	119	223	59	139	1	PCX
3	82	453	120	226	60	140	1	PCX
3	83	439	126	219	63	141	1	PCX
3	84	40	25	20	12	142	1	PCX
3	85	45	26	22	13	142	1	PCX
3	86	42	23	21	11	142	1	PCX
3	87	32	19	16	9	142	1	PCX
3	88	30	17	15	8	142	1	PCX
3	89	153	20	76	10	143	1	PCX
3	90	170	22	85	11	143	1	PCX
3	91	190	24	95	12	143	1	PCX
3	92	208	27	104	13	143	1	PCX
3	93	228	29	114	14	143	1	PCX
3	94	243	31	121	15	143	1	PCX
3	95	260	34	130	17	143	1	PCX
3	96	267	34	133	17	143	1	PCX
3	97	33	102	15	105	144	1	PCX
4	0	36	36	18	18	145	1	PCX
4	1	53	53	26	26	146	1	PCX
4	2	73	73	36	36	147	1	PCX
4	3	95	96	47	48	148	1	PCX
4	4	121	121	60	60	149	1	PCX
4	5	133	133	66	66	149	1	PCX
4	6	141	141	70	70	150	1	PCX
4	7	146	146	73	73	151	1	PCX
4	8	149	149	74	74	152	1	PCX
4	9	151	151	75	75	153	1	PCX
4	10	153	153	76	76	154	1	PCX
4	11	156	156	78	78	155	1	PCX
4	12	275	273	137	136	156	1	PCX
3	98	35	112	17	114	157	1	PCX
3	99	21	74	11	82	157	1	PCX
4	16	266	42	133	21	158	1	PCX
4	17	373	63	186	31	158	1	PCX
4	18	373	54	186	27	158	1	PCX
4	19	396	57	198	28	158	1	PCX
4	20	389	56	194	28	158	1	PCX
4	21	386	58	193	29	158	1	PCX
4	22	354	38	177	19	158	1	PCX
4	23	85	26	41	21	159	1	PCX
4	24	158	51	78	46	160	1	PCX
4	25	196	56	102	51	161	1	PCX
4	26	228	76	116	71	162	1	PCX
4	27	238	88	118	83	163	1	PCX
4	28	241	79	119	74	164	1	PCX
4	29	245	78	132	74	165	1	PCX
4	30	249	80	132	75	166	1	PCX
4	31	249	68	128	63	167	1	PCX
4	32	173	174	86	87	168	1	PCX
4	33	246	248	123	124	168	1	PCX
4	34	292	314	146	157	168	1	PCX
4	35	54	92	32	83	169	1	PCX
4	36	65	102	41	87	169	1	PCX
4	37	84	108	44	92	169	1	PCX
4	38	93	120	51	103	169	1	PCX
5	60	398	294	180	148	170	1	PCX
5	61	517	294	190	147	170	1	PCX
5	62	570	294	187	147	170	1	PCX
5	63	570	294	188	147	170	1	PCX
5	64	570	294	188	147	170	1	PCX
5	65	574	285	191	138	170	1	PCX
5	66	574	294	191	147	170	1	PCX
5	67	572	294	190	147	170	1	PCX
5	68	570	294	189	147	170	1	PCX
5	69	570	294	189	147	170	1	PCX
5	70	570	294	189	147	170	1	PCX
5	71	570	288	189	145	170	1	PCX
5	72	570	294	189	147	170	1	PCX
5	73	570	294	189	147	170	1	PCX
